63    125    2  2   0.5   1   2
63    125    5  2   0.504   1   2
63    125    6  2   0.496   1   2
64    125    2  2   0.508   1   2
64    125    5  2   0.512   1   2
64    125    6  2   0.504   1   2
62    125    2  2   0.492   1   2
62    125    5  2   0.496   1   2
62    125    6  2   0.488   1   2
65    125    2  2   0.516   1   2
65    125    5  2   0.52   1   2
65    125    6  2   0.512   1   2
61    125    2  2   0.484   1   2
61    125    5  2   0.488   1   2
61    125    6  2   0.48   1   2
66    125    2  2   0.524   1   2
66    125    5  2   0.528   1   2
66    125    6  2   0.52   1   2
60    125    2  2   0.476   1   2
60    125    5  2   0.48   1   2
60    125    6  2   0.472   1   2
67    125    2  2   0.532   1   2
67    125    5  2   0.536   1   2
67    125    6  2   0.528   1   2
59    125    2  2   0.468   1   2
59    125    5  2   0.472   1   2
59    125    6  2   0.464   1   2
68    125    2  2   0.54   1   2
68    125    5  2   0.544   1   2
68    125    6  2   0.536   1   2
58    125    2  2   0.46   1   2
58    125    5  2   0.464   1   2
58    125    6  2   0.456   1   2
69    125    2  2   0.548   1   2
69    125    5  2   0.552   1   2
69    125    6  2   0.544   1   2
57    125    2  2   0.452   1   2
57    125    5  2   0.456   1   2
57    125    6  2   0.448   1   2
70    125    2  2   0.556   1   2
70    125    5  2   0.56   1   2
70    125    6  2   0.552   1   2
56    125    2  2   0.444   1   2
56    125    5  2   0.448   1   2
56    125    6  2   0.44   1   2
71    125    2  2   0.564   1   2
71    125    5  2   0.568   1   2
71    125    6  2   0.56   1   2
55    125    2  2   0.436   1   2
55    125    5  2   0.44   1   2
55    125    6  2   0.432   1   2
72    125    2  2   0.572   1   2
72    125    5  2   0.576   1   2
72    125    6  2   0.568   1   2
54    125    2  2   0.428   1   2
54    125    5  2   0.432   1   2
54    125    6  2   0.424   1   2
73    125    2  2   0.58   1   2
73    125    5  2   0.584   1   2
73    125    6  2   0.576   1   2
53    125    2  2   0.42   1   2
53    125    5  2   0.424   1   2
53    125    6  2   0.416   1   2
74    125    2  2   0.588   1   2
74    125    5  2   0.592   1   2
74    125    6  2   0.584   1   2
52    125    2  2   0.412   1   2
52    125    5  2   0.416   1   2
52    125    6  2   0.408   1   2
75    125    2  2   0.596   1   2
75    125    5  2   0.6   1   2
75    125    6  2   0.592   1   2
51    125    2  2   0.404   1   2
51    125    5  2   0.408   1   2
51    125    6  2   0.4   1   2
76    125    2  2   0.604   1   2
76    125    5  2   0.608   1   2
76    125    6  2   0.6   1   2
50    125    2  2   0.396   1   2
50    125    5  2   0.4   1   2
50    125    6  2   0.392   1   2
77    125    2  2   0.612   1   2
77    125    5  2   0.616   1   2
77    125    6  2   0.608   1   2
49    125    2  2   0.388   1   2
49    125    5  2   0.392   1   2
49    125    6  2   0.384   1   2
78    125    2  2   0.62   1   2
78    125    5  2   0.624   1   2
78    125    6  2   0.616   1   2
48    125    2  2   0.38   1   2
48    125    5  2   0.384   1   2
48    125    6  2   0.376   1   2
79    125    2  2   0.628   1   2
79    125    5  2   0.632   1   2
79    125    6  2   0.624   1   2
47    125    2  2   0.372   1   2
47    125    5  2   0.376   1   2
47    125    6  2   0.368   1   2
80    125    2  2   0.636   1   2
80    125    5  2   0.64   1   2
80    125    6  2   0.632   1   2
46    125    2  2   0.364   1   2
46    125    5  2   0.368   1   2
46    125    6  2   0.36   1   2
81    125    2  2   0.644   1   2
81    125    5  2   0.648   1   2
81    125    6  2   0.64   1   2
45    125    2  2   0.356   1   2
45    125    5  2   0.36   1   2
45    125    6  2   0.352   1   2
82    125    2  2   0.652   1   2
82    125    5  2   0.656   1   2
82    125    6  2   0.648   1   2
44    125    2  2   0.348   1   2
44    125    5  2   0.352   1   2
44    125    6  2   0.344   1   2
83    125    2  2   0.66   1   2
83    125    5  2   0.664   1   2
83    125    6  2   0.656   1   2
43    125    2  2   0.34   1   2
43    125    5  2   0.344   1   2
43    125    6  2   0.336   1   2
84    125    2  2   0.668   1   2
84    125    5  2   0.672   1   2
84    125    6  2   0.664   1   2
42    125    2  2   0.332   1   2
42    125    5  2   0.336   1   2
42    125    6  2   0.328   1   2
85    125    2  2   0.676   1   2
85    125    5  2   0.68   1   2
85    125    6  2   0.672   1   2
41    125    2  2   0.324   1   2
41    125    5  2   0.328   1   2
41    125    6  2   0.32   1   2
86    125    2  2   0.684   1   2
86    125    5  2   0.688   1   2
86    125    6  2   0.68   1   2
40    125    2  2   0.316   1   2
40    125    5  2   0.32   1   2
40    125    6  2   0.312   1   2
87    125    2  2   0.692   1   2
87    125    5  2   0.696   1   2
87    125    6  2   0.688   1   2
39    125    2  2   0.308   1   2
39    125    5  2   0.312   1   2
39    125    6  2   0.304   1   2
88    125    2  2   0.7   1   2
88    125    5  2   0.704   1   2
88    125    6  2   0.696   1   2
38    125    2  2   0.3   1   2
38    125    5  2   0.304   1   2
38    125    6  2   0.296   1   2
89    125    2  2   0.708   1   2
89    125    5  2   0.712   1   2
89    125    6  2   0.704   1   2
37    125    2  2   0.292   1   2
37    125    5  2   0.296   1   2
37    125    6  2   0.288   1   2
90    125    2  2   0.716   1   2
90    125    5  2   0.72   1   2
90    125    6  2   0.712   1   2
36    125    2  2   0.284   1   2
36    125    5  2   0.288   1   2
36    125    6  2   0.28   1   2
91    125    2  2   0.724   1   2
91    125    5  2   0.728   1   2
91    125    6  2   0.72   1   2
35    125    2  2   0.276   1   2
35    125    5  2   0.28   1   2
35    125    6  2   0.272   1   2
92    125    2  2   0.732   1   2
92    125    5  2   0.736   1   2
92    125    6  2   0.728   1   2
34    125    2  2   0.268   1   2
34    125    5  2   0.272   1   2
34    125    6  2   0.264   1   2
93    125    2  2   0.74   1   2
93    125    5  2   0.744   1   2
93    125    6  2   0.736   1   2
33    125    2  2   0.26   1   2
33    125    5  2   0.264   1   2
33    125    6  2   0.256   1   2
94    125    2  2   0.748   1   2
94    125    5  2   0.752   1   2
94    125    6  2   0.744   1   2
32    125    2  2   0.252   1   2
32    125    5  2   0.256   1   2
32    125    6  2   0.248   1   2
95    125    2  2   0.756   1   2
95    125    5  2   0.76   1   2
95    125    6  2   0.752   1   2
31    125    2  2   0.244   1   2
31    125    5  2   0.248   1   2
31    125    6  2   0.24   1   2
96    125    2  2   0.764   1   2
96    125    5  2   0.768   1   2
96    125    6  2   0.76   1   2
30    125    2  2   0.236   1   2
30    125    5  2   0.24   1   2
30    125    6  2   0.232   1   2
97    125    2  2   0.772   1   2
97    125    5  2   0.776   1   2
97    125    6  2   0.768   1   2
29    125    2  2   0.228   1   2
29    125    5  2   0.232   1   2
29    125    6  2   0.224   1   2
98    125    2  2   0.78   1   2
98    125    5  2   0.784   1   2
98    125    6  2   0.776   1   2
28    125    2  2   0.22   1   2
28    125    5  2   0.224   1   2
28    125    6  2   0.216   1   2
99    125    2  2   0.788   1   2
99    125    5  2   0.792   1   2
99    125    6  2   0.784   1   2
27    125    2  2   0.212   1   2
27    125    5  2   0.216   1   2
27    125    6  2   0.208   1   2
100    125    2  2   0.796   1   2
100    125    5  2   0.8   1   2
100    125    6  2   0.792   1   2
26    125    2  2   0.204   1   2
26    125    5  2   0.208   1   2
26    125    6  2   0.2   1   2
101    125    2  2   0.804   1   2
101    125    5  2   0.808   1   2
101    125    6  2   0.8   1   2
25    125    2  2   0.196   1   2
25    125    5  2   0.2   1   2
25    125    6  2   0.192   1   2
102    125    2  2   0.812   1   2
102    125    5  2   0.816   1   2
102    125    6  2   0.808   1   2
24    125    2  2   0.188   1   2
24    125    5  2   0.192   1   2
24    125    6  2   0.184   1   2
103    125    2  2   0.82   1   2
103    125    5  2   0.824   1   2
103    125    6  2   0.816   1   2
23    125    2  2   0.18   1   2
23    125    5  2   0.184   1   2
23    125    6  2   0.176   1   2
104    125    2  2   0.828   1   2
104    125    5  2   0.832   1   2
104    125    6  2   0.824   1   2
22    125    2  2   0.172   1   2
22    125    5  2   0.176   1   2
22    125    6  2   0.168   1   2
105    125    2  2   0.836   1   2
105    125    5  2   0.84   1   2
105    125    6  2   0.832   1   2
21    125    2  2   0.164   1   2
21    125    5  2   0.168   1   2
21    125    6  2   0.16   1   2
106    125    2  2   0.844   1   2
106    125    5  2   0.848   1   2
106    125    6  2   0.84   1   2
20    125    2  2   0.156   1   2
20    125    5  2   0.16   1   2
20    125    6  2   0.152   1   2
107    125    2  2   0.852   1   2
107    125    5  2   0.856   1   2
107    125    6  2   0.848   1   2
19    125    2  2   0.148   1   2
19    125    5  2   0.152   1   2
19    125    6  2   0.144   1   2
108    125    2  2   0.86   1   2
108    125    5  2   0.864   1   2
108    125    6  2   0.856   1   2
18    125    2  2   0.14   1   2
18    125    5  2   0.144   1   2
18    125    6  2   0.136   1   2
109    125    2  2   0.868   1   2
109    125    5  2   0.872   1   2
109    125    6  2   0.864   1   2
17    125    2  2   0.132   1   2
17    125    5  2   0.136   1   2
17    125    6  2   0.128   1   2
110    125    2  2   0.876   1   2
110    125    5  2   0.88   1   2
110    125    6  2   0.872   1   2
16    125    2  2   0.124   1   2
16    125    5  2   0.128   1   2
16    125    6  2   0.12   1   2
111    125    2  2   0.884   1   2
111    125    5  2   0.888   1   2
111    125    6  2   0.88   1   2
15    125    2  2   0.116   1   2
15    125    5  2   0.12   1   2
15    125    6  2   0.112   1   2
112    125    2  2   0.892   1   2
112    125    5  2   0.896   1   2
112    125    6  2   0.888   1   2
14    125    2  2   0.108   1   2
14    125    5  2   0.112   1   2
14    125    6  2   0.104   1   2
113    125    2  2   0.9   1   2
113    125    5  2   0.904   1   2
113    125    6  2   0.896   1   2
13    125    2  2   0.1   1   2
13    125    5  2   0.104   1   2
13    125    6  2   0.096   1   2
114    125    2  2   0.908   1   2
114    125    5  2   0.912   1   2
114    125    6  2   0.904   1   2
12    125    2  2   0.092   1   2
12    125    5  2   0.096   1   2
12    125    6  2   0.088   1   2
115    125    2  2   0.916   1   2
115    125    5  2   0.92   1   2
115    125    6  2   0.912   1   2
11    125    2  2   0.084   1   2
11    125    5  2   0.088   1   2
11    125    6  2   0.08   1   2
116    125    2  2   0.924   1   2
116    125    5  2   0.928   1   2
116    125    6  2   0.92   1   2
10    125    2  2   0.076   1   2
10    125    5  2   0.08   1   2
10    125    6  2   0.072   1   2
117    125    2  2   0.932   1   2
117    125    5  2   0.936   1   2
117    125    6  2   0.928   1   2
9    125    2  2   0.068   1   2
9    125    5  2   0.072   1   2
9    125    6  2   0.064   1   2
118    125    2  2   0.94   1   2
118    125    5  2   0.944   1   2
118    125    6  2   0.936   1   2
8    125    2  2   0.06   1   2
8    125    5  2   0.064   1   2
8    125    6  2   0.056   1   2
119    125    2  2   0.948   1   2
119    125    5  2   0.952   1   2
119    125    6  2   0.944   1   2
7    125    2  2   0.052   1   2
7    125    5  2   0.056   1   2
7    125    6  2   0.048   1   2
120    125    2  2   0.956   1   2
120    125    5  2   0.96   1   2
120    125    6  2   0.952   1   2
6    125    2  2   0.044   1   2
6    125    5  2   0.048   1   2
6    125    6  2   0.04   1   2
121    125    2  2   0.964   1   2
121    125    5  2   0.968   1   2
121    125    6  2   0.96   1   2
5    125    2  2   0.036   1   2
5    125    5  2   0.04   1   2
5    125    6  2   0.032   1   2
122    125    2  2   0.972   1   2
122    125    5  2   0.976   1   2
122    125    6  2   0.968   1   2
4    125    2  2   0.028   1   2
4    125    5  2   0.032   1   2
4    125    6  2   0.024   1   2
123    125    2  2   0.98   1   2
123    125    5  2   0.984   1   2
123    125    6  2   0.976   1   2
3    125    2  2   0.02   1   2
3    125    5  2   0.024   1   2
3    125    6  2   0.016   1   2
124    125    2  2   0.988   1   2
124    125    5  2   0.992   1   2
124    125    6  2   0.984   1   2
2    125    2  2   0.012   1   2
2    125    5  2   0.016   1   2
2    125    6  2   0.008   1   2
63    1    4  1   0.5   0   4
63    1    7  1   0.496   0   4
63    1    8  1   0.504   0   4
62    1    4  1   0.492   0   4
62    1    7  1   0.488   0   4
62    1    8  1   0.496   0   4
64    1    4  1   0.508   0   4
64    1    7  1   0.504   0   4
64    1    8  1   0.512   0   4
61    1    4  1   0.484   0   4
61    1    7  1   0.48   0   4
61    1    8  1   0.488   0   4
65    1    4  1   0.516   0   4
65    1    7  1   0.512   0   4
65    1    8  1   0.52   0   4
60    1    4  1   0.476   0   4
60    1    7  1   0.472   0   4
60    1    8  1   0.48   0   4
66    1    4  1   0.524   0   4
66    1    7  1   0.52   0   4
66    1    8  1   0.528   0   4
59    1    4  1   0.468   0   4
59    1    7  1   0.464   0   4
59    1    8  1   0.472   0   4
67    1    4  1   0.532   0   4
67    1    7  1   0.528   0   4
67    1    8  1   0.536   0   4
58    1    4  1   0.46   0   4
58    1    7  1   0.456   0   4
58    1    8  1   0.464   0   4
68    1    4  1   0.54   0   4
68    1    7  1   0.536   0   4
68    1    8  1   0.544   0   4
57    1    4  1   0.452   0   4
57    1    7  1   0.448   0   4
57    1    8  1   0.456   0   4
69    1    4  1   0.548   0   4
69    1    7  1   0.544   0   4
69    1    8  1   0.552   0   4
56    1    4  1   0.444   0   4
56    1    7  1   0.44   0   4
56    1    8  1   0.448   0   4
70    1    4  1   0.556   0   4
70    1    7  1   0.552   0   4
70    1    8  1   0.56   0   4
55    1    4  1   0.436   0   4
55    1    7  1   0.432   0   4
55    1    8  1   0.44   0   4
71    1    4  1   0.564   0   4
71    1    7  1   0.56   0   4
71    1    8  1   0.568   0   4
54    1    4  1   0.428   0   4
54    1    7  1   0.424   0   4
54    1    8  1   0.432   0   4
72    1    4  1   0.572   0   4
72    1    7  1   0.568   0   4
72    1    8  1   0.576   0   4
53    1    4  1   0.42   0   4
53    1    7  1   0.416   0   4
53    1    8  1   0.424   0   4
73    1    4  1   0.58   0   4
73    1    7  1   0.576   0   4
73    1    8  1   0.584   0   4
52    1    4  1   0.412   0   4
52    1    7  1   0.408   0   4
52    1    8  1   0.416   0   4
74    1    4  1   0.588   0   4
74    1    7  1   0.584   0   4
74    1    8  1   0.592   0   4
51    1    4  1   0.404   0   4
51    1    7  1   0.4   0   4
51    1    8  1   0.408   0   4
75    1    4  1   0.596   0   4
75    1    7  1   0.592   0   4
75    1    8  1   0.6   0   4
50    1    4  1   0.396   0   4
50    1    7  1   0.392   0   4
50    1    8  1   0.4   0   4
76    1    4  1   0.604   0   4
76    1    7  1   0.6   0   4
76    1    8  1   0.608   0   4
49    1    4  1   0.388   0   4
49    1    7  1   0.384   0   4
49    1    8  1   0.392   0   4
77    1    4  1   0.612   0   4
77    1    7  1   0.608   0   4
77    1    8  1   0.616   0   4
48    1    4  1   0.38   0   4
48    1    7  1   0.376   0   4
48    1    8  1   0.384   0   4
78    1    4  1   0.62   0   4
78    1    7  1   0.616   0   4
78    1    8  1   0.624   0   4
47    1    4  1   0.372   0   4
47    1    7  1   0.368   0   4
47    1    8  1   0.376   0   4
79    1    4  1   0.628   0   4
79    1    7  1   0.624   0   4
79    1    8  1   0.632   0   4
46    1    4  1   0.364   0   4
46    1    7  1   0.36   0   4
46    1    8  1   0.368   0   4
80    1    4  1   0.636   0   4
80    1    7  1   0.632   0   4
80    1    8  1   0.64   0   4
45    1    4  1   0.356   0   4
45    1    7  1   0.352   0   4
45    1    8  1   0.36   0   4
81    1    4  1   0.644   0   4
81    1    7  1   0.64   0   4
81    1    8  1   0.648   0   4
44    1    4  1   0.348   0   4
44    1    7  1   0.344   0   4
44    1    8  1   0.352   0   4
82    1    4  1   0.652   0   4
82    1    7  1   0.648   0   4
82    1    8  1   0.656   0   4
43    1    4  1   0.34   0   4
43    1    7  1   0.336   0   4
43    1    8  1   0.344   0   4
83    1    4  1   0.66   0   4
83    1    7  1   0.656   0   4
83    1    8  1   0.664   0   4
42    1    4  1   0.332   0   4
42    1    7  1   0.328   0   4
42    1    8  1   0.336   0   4
84    1    4  1   0.668   0   4
84    1    7  1   0.664   0   4
84    1    8  1   0.672   0   4
41    1    4  1   0.324   0   4
41    1    7  1   0.32   0   4
41    1    8  1   0.328   0   4
85    1    4  1   0.676   0   4
85    1    7  1   0.672   0   4
85    1    8  1   0.68   0   4
40    1    4  1   0.316   0   4
40    1    7  1   0.312   0   4
40    1    8  1   0.32   0   4
86    1    4  1   0.684   0   4
86    1    7  1   0.68   0   4
86    1    8  1   0.688   0   4
39    1    4  1   0.308   0   4
39    1    7  1   0.304   0   4
39    1    8  1   0.312   0   4
87    1    4  1   0.692   0   4
87    1    7  1   0.688   0   4
87    1    8  1   0.696   0   4
38    1    4  1   0.3   0   4
38    1    7  1   0.296   0   4
38    1    8  1   0.304   0   4
88    1    4  1   0.7   0   4
88    1    7  1   0.696   0   4
88    1    8  1   0.704   0   4
37    1    4  1   0.292   0   4
37    1    7  1   0.288   0   4
37    1    8  1   0.296   0   4
89    1    4  1   0.708   0   4
89    1    7  1   0.704   0   4
89    1    8  1   0.712   0   4
36    1    4  1   0.284   0   4
36    1    7  1   0.28   0   4
36    1    8  1   0.288   0   4
90    1    4  1   0.716   0   4
90    1    7  1   0.712   0   4
90    1    8  1   0.72   0   4
35    1    4  1   0.276   0   4
35    1    7  1   0.272   0   4
35    1    8  1   0.28   0   4
91    1    4  1   0.724   0   4
91    1    7  1   0.72   0   4
91    1    8  1   0.728   0   4
34    1    4  1   0.268   0   4
34    1    7  1   0.264   0   4
34    1    8  1   0.272   0   4
92    1    4  1   0.732   0   4
92    1    7  1   0.728   0   4
92    1    8  1   0.736   0   4
33    1    4  1   0.26   0   4
33    1    7  1   0.256   0   4
33    1    8  1   0.264   0   4
93    1    4  1   0.74   0   4
93    1    7  1   0.736   0   4
93    1    8  1   0.744   0   4
32    1    4  1   0.252   0   4
32    1    7  1   0.248   0   4
32    1    8  1   0.256   0   4
94    1    4  1   0.748   0   4
94    1    7  1   0.744   0   4
94    1    8  1   0.752   0   4
31    1    4  1   0.244   0   4
31    1    7  1   0.24   0   4
31    1    8  1   0.248   0   4
95    1    4  1   0.756   0   4
95    1    7  1   0.752   0   4
95    1    8  1   0.76   0   4
30    1    4  1   0.236   0   4
30    1    7  1   0.232   0   4
30    1    8  1   0.24   0   4
96    1    4  1   0.764   0   4
96    1    7  1   0.76   0   4
96    1    8  1   0.768   0   4
29    1    4  1   0.228   0   4
29    1    7  1   0.224   0   4
29    1    8  1   0.232   0   4
97    1    4  1   0.772   0   4
97    1    7  1   0.768   0   4
97    1    8  1   0.776   0   4
28    1    4  1   0.22   0   4
28    1    7  1   0.216   0   4
28    1    8  1   0.224   0   4
98    1    4  1   0.78   0   4
98    1    7  1   0.776   0   4
98    1    8  1   0.784   0   4
27    1    4  1   0.212   0   4
27    1    7  1   0.208   0   4
27    1    8  1   0.216   0   4
99    1    4  1   0.788   0   4
99    1    7  1   0.784   0   4
99    1    8  1   0.792   0   4
26    1    4  1   0.204   0   4
26    1    7  1   0.2   0   4
26    1    8  1   0.208   0   4
100    1    4  1   0.796   0   4
100    1    7  1   0.792   0   4
100    1    8  1   0.8   0   4
25    1    4  1   0.196   0   4
25    1    7  1   0.192   0   4
25    1    8  1   0.2   0   4
101    1    4  1   0.804   0   4
101    1    7  1   0.8   0   4
101    1    8  1   0.808   0   4
24    1    4  1   0.188   0   4
24    1    7  1   0.184   0   4
24    1    8  1   0.192   0   4
102    1    4  1   0.812   0   4
102    1    7  1   0.808   0   4
102    1    8  1   0.816   0   4
23    1    4  1   0.18   0   4
23    1    7  1   0.176   0   4
23    1    8  1   0.184   0   4
103    1    4  1   0.82   0   4
103    1    7  1   0.816   0   4
103    1    8  1   0.824   0   4
22    1    4  1   0.172   0   4
22    1    7  1   0.168   0   4
22    1    8  1   0.176   0   4
104    1    4  1   0.828   0   4
104    1    7  1   0.824   0   4
104    1    8  1   0.832   0   4
21    1    4  1   0.164   0   4
21    1    7  1   0.16   0   4
21    1    8  1   0.168   0   4
105    1    4  1   0.836   0   4
105    1    7  1   0.832   0   4
105    1    8  1   0.84   0   4
20    1    4  1   0.156   0   4
20    1    7  1   0.152   0   4
20    1    8  1   0.16   0   4
106    1    4  1   0.844   0   4
106    1    7  1   0.84   0   4
106    1    8  1   0.848   0   4
19    1    4  1   0.148   0   4
19    1    7  1   0.144   0   4
19    1    8  1   0.152   0   4
107    1    4  1   0.852   0   4
107    1    7  1   0.848   0   4
107    1    8  1   0.856   0   4
18    1    4  1   0.14   0   4
18    1    7  1   0.136   0   4
18    1    8  1   0.144   0   4
108    1    4  1   0.86   0   4
108    1    7  1   0.856   0   4
108    1    8  1   0.864   0   4
17    1    4  1   0.132   0   4
17    1    7  1   0.128   0   4
17    1    8  1   0.136   0   4
109    1    4  1   0.868   0   4
109    1    7  1   0.864   0   4
109    1    8  1   0.872   0   4
16    1    4  1   0.124   0   4
16    1    7  1   0.12   0   4
16    1    8  1   0.128   0   4
110    1    4  1   0.876   0   4
110    1    7  1   0.872   0   4
110    1    8  1   0.88   0   4
15    1    4  1   0.116   0   4
15    1    7  1   0.112   0   4
15    1    8  1   0.12   0   4
111    1    4  1   0.884   0   4
111    1    7  1   0.88   0   4
111    1    8  1   0.888   0   4
14    1    4  1   0.108   0   4
14    1    7  1   0.104   0   4
14    1    8  1   0.112   0   4
112    1    4  1   0.892   0   4
112    1    7  1   0.888   0   4
112    1    8  1   0.896   0   4
13    1    4  1   0.1   0   4
13    1    7  1   0.096   0   4
13    1    8  1   0.104   0   4
113    1    4  1   0.9   0   4
113    1    7  1   0.896   0   4
113    1    8  1   0.904   0   4
12    1    4  1   0.092   0   4
12    1    7  1   0.088   0   4
12    1    8  1   0.096   0   4
114    1    4  1   0.908   0   4
114    1    7  1   0.904   0   4
114    1    8  1   0.912   0   4
11    1    4  1   0.084   0   4
11    1    7  1   0.08   0   4
11    1    8  1   0.088   0   4
115    1    4  1   0.916   0   4
115    1    7  1   0.912   0   4
115    1    8  1   0.92   0   4
10    1    4  1   0.076   0   4
10    1    7  1   0.072   0   4
10    1    8  1   0.08   0   4
116    1    4  1   0.924   0   4
116    1    7  1   0.92   0   4
116    1    8  1   0.928   0   4
9    1    4  1   0.068   0   4
9    1    7  1   0.064   0   4
9    1    8  1   0.072   0   4
117    1    4  1   0.932   0   4
117    1    7  1   0.928   0   4
117    1    8  1   0.936   0   4
8    1    4  1   0.06   0   4
8    1    7  1   0.056   0   4
8    1    8  1   0.064   0   4
118    1    4  1   0.94   0   4
118    1    7  1   0.936   0   4
118    1    8  1   0.944   0   4
7    1    4  1   0.052   0   4
7    1    7  1   0.048   0   4
7    1    8  1   0.056   0   4
119    1    4  1   0.948   0   4
119    1    7  1   0.944   0   4
119    1    8  1   0.952   0   4
6    1    4  1   0.044   0   4
6    1    7  1   0.04   0   4
6    1    8  1   0.048   0   4
120    1    4  1   0.956   0   4
120    1    7  1   0.952   0   4
120    1    8  1   0.96   0   4
5    1    4  1   0.036   0   4
5    1    7  1   0.032   0   4
5    1    8  1   0.04   0   4
121    1    4  1   0.964   0   4
121    1    7  1   0.96   0   4
121    1    8  1   0.968   0   4
4    1    4  1   0.028   0   4
4    1    7  1   0.024   0   4
4    1    8  1   0.032   0   4
122    1    4  1   0.972   0   4
122    1    7  1   0.968   0   4
122    1    8  1   0.976   0   4
3    1    4  1   0.02   0   4
3    1    7  1   0.016   0   4
3    1    8  1   0.024   0   4
123    1    4  1   0.98   0   4
123    1    7  1   0.976   0   4
123    1    8  1   0.984   0   4
2    1    4  1   0.012   0   4
2    1    7  1   0.008   0   4
2    1    8  1   0.016   0   4
124    1    4  1   0.988   0   4
124    1    7  1   0.984   0   4
124    1    8  1   0.992   0   4
125    63    1  1   1   0.5   3
125    63    5  1   1   0.504   3
125    63    8  1   1   0.496   3
125    64    1  1   1   0.508   3
125    64    5  1   1   0.512   3
125    64    8  1   1   0.504   3
125    62    1  1   1   0.492   3
125    62    5  1   1   0.496   3
125    62    8  1   1   0.488   3
125    65    1  1   1   0.516   3
125    65    5  1   1   0.52   3
125    65    8  1   1   0.512   3
125    61    1  1   1   0.484   3
125    61    5  1   1   0.488   3
125    61    8  1   1   0.48   3
125    66    1  1   1   0.524   3
125    66    5  1   1   0.528   3
125    66    8  1   1   0.52   3
125    60    1  1   1   0.476   3
125    60    5  1   1   0.48   3
125    60    8  1   1   0.472   3
125    67    1  1   1   0.532   3
125    67    5  1   1   0.536   3
125    67    8  1   1   0.528   3
125    59    1  1   1   0.468   3
125    59    5  1   1   0.472   3
125    59    8  1   1   0.464   3
125    68    1  1   1   0.54   3
125    68    5  1   1   0.544   3
125    68    8  1   1   0.536   3
125    58    1  1   1   0.46   3
125    58    5  1   1   0.464   3
125    58    8  1   1   0.456   3
125    69    1  1   1   0.548   3
125    69    5  1   1   0.552   3
125    69    8  1   1   0.544   3
125    57    1  1   1   0.452   3
125    57    5  1   1   0.456   3
125    57    8  1   1   0.448   3
125    70    1  1   1   0.556   3
125    70    5  1   1   0.56   3
125    70    8  1   1   0.552   3
125    56    1  1   1   0.444   3
125    56    5  1   1   0.448   3
125    56    8  1   1   0.44   3
125    71    1  1   1   0.564   3
125    71    5  1   1   0.568   3
125    71    8  1   1   0.56   3
125    55    1  1   1   0.436   3
125    55    5  1   1   0.44   3
125    55    8  1   1   0.432   3
125    72    1  1   1   0.572   3
125    72    5  1   1   0.576   3
125    72    8  1   1   0.568   3
125    54    1  1   1   0.428   3
125    54    5  1   1   0.432   3
125    54    8  1   1   0.424   3
125    73    1  1   1   0.58   3
125    73    5  1   1   0.584   3
125    73    8  1   1   0.576   3
125    53    1  1   1   0.42   3
125    53    5  1   1   0.424   3
125    53    8  1   1   0.416   3
125    74    1  1   1   0.588   3
125    74    5  1   1   0.592   3
125    74    8  1   1   0.584   3
125    52    1  1   1   0.412   3
125    52    5  1   1   0.416   3
125    52    8  1   1   0.408   3
125    75    1  1   1   0.596   3
125    75    5  1   1   0.6   3
125    75    8  1   1   0.592   3
125    51    1  1   1   0.404   3
125    51    5  1   1   0.408   3
125    51    8  1   1   0.4   3
125    76    1  1   1   0.604   3
125    76    5  1   1   0.608   3
125    76    8  1   1   0.6   3
125    50    1  1   1   0.396   3
125    50    5  1   1   0.4   3
125    50    8  1   1   0.392   3
125    77    1  1   1   0.612   3
125    77    5  1   1   0.616   3
125    77    8  1   1   0.608   3
125    49    1  1   1   0.388   3
125    49    5  1   1   0.392   3
125    49    8  1   1   0.384   3
125    78    1  1   1   0.62   3
125    78    5  1   1   0.624   3
125    78    8  1   1   0.616   3
125    48    1  1   1   0.38   3
125    48    5  1   1   0.384   3
125    48    8  1   1   0.376   3
125    79    1  1   1   0.628   3
125    79    5  1   1   0.632   3
125    79    8  1   1   0.624   3
125    47    1  1   1   0.372   3
125    47    5  1   1   0.376   3
125    47    8  1   1   0.368   3
125    80    1  1   1   0.636   3
125    80    5  1   1   0.64   3
125    80    8  1   1   0.632   3
125    46    1  1   1   0.364   3
125    46    5  1   1   0.368   3
125    46    8  1   1   0.36   3
125    81    1  1   1   0.644   3
125    81    5  1   1   0.648   3
125    81    8  1   1   0.64   3
125    45    1  1   1   0.356   3
125    45    5  1   1   0.36   3
125    45    8  1   1   0.352   3
125    82    1  1   1   0.652   3
125    82    5  1   1   0.656   3
125    82    8  1   1   0.648   3
125    44    1  1   1   0.348   3
125    44    5  1   1   0.352   3
125    44    8  1   1   0.344   3
125    83    1  1   1   0.66   3
125    83    5  1   1   0.664   3
125    83    8  1   1   0.656   3
125    43    1  1   1   0.34   3
125    43    5  1   1   0.344   3
125    43    8  1   1   0.336   3
125    84    1  1   1   0.668   3
125    84    5  1   1   0.672   3
125    84    8  1   1   0.664   3
125    42    1  1   1   0.332   3
125    42    5  1   1   0.336   3
125    42    8  1   1   0.328   3
125    85    1  1   1   0.676   3
125    85    5  1   1   0.68   3
125    85    8  1   1   0.672   3
125    41    1  1   1   0.324   3
125    41    5  1   1   0.328   3
125    41    8  1   1   0.32   3
125    86    1  1   1   0.684   3
125    86    5  1   1   0.688   3
125    86    8  1   1   0.68   3
125    40    1  1   1   0.316   3
125    40    5  1   1   0.32   3
125    40    8  1   1   0.312   3
125    87    1  1   1   0.692   3
125    87    5  1   1   0.696   3
125    87    8  1   1   0.688   3
125    39    1  1   1   0.308   3
125    39    5  1   1   0.312   3
125    39    8  1   1   0.304   3
125    88    1  1   1   0.7   3
125    88    5  1   1   0.704   3
125    88    8  1   1   0.696   3
125    38    1  1   1   0.3   3
125    38    5  1   1   0.304   3
125    38    8  1   1   0.296   3
125    89    1  1   1   0.708   3
125    89    5  1   1   0.712   3
125    89    8  1   1   0.704   3
125    37    1  1   1   0.292   3
125    37    5  1   1   0.296   3
125    37    8  1   1   0.288   3
125    90    1  1   1   0.716   3
125    90    5  1   1   0.72   3
125    90    8  1   1   0.712   3
125    36    1  1   1   0.284   3
125    36    5  1   1   0.288   3
125    36    8  1   1   0.28   3
125    91    1  1   1   0.724   3
125    91    5  1   1   0.728   3
125    91    8  1   1   0.72   3
125    35    1  1   1   0.276   3
125    35    5  1   1   0.28   3
125    35    8  1   1   0.272   3
125    92    1  1   1   0.732   3
125    92    5  1   1   0.736   3
125    92    8  1   1   0.728   3
125    34    1  1   1   0.268   3
125    34    5  1   1   0.272   3
125    34    8  1   1   0.264   3
125    93    1  1   1   0.74   3
125    93    5  1   1   0.744   3
125    93    8  1   1   0.736   3
125    33    1  1   1   0.26   3
125    33    5  1   1   0.264   3
125    33    8  1   1   0.256   3
125    94    1  1   1   0.748   3
125    94    5  1   1   0.752   3
125    94    8  1   1   0.744   3
125    32    1  1   1   0.252   3
125    32    5  1   1   0.256   3
125    32    8  1   1   0.248   3
125    95    1  1   1   0.756   3
125    95    5  1   1   0.76   3
125    95    8  1   1   0.752   3
125    31    1  1   1   0.244   3
125    31    5  1   1   0.248   3
125    31    8  1   1   0.24   3
125    96    1  1   1   0.764   3
125    96    5  1   1   0.768   3
125    96    8  1   1   0.76   3
125    30    1  1   1   0.236   3
125    30    5  1   1   0.24   3
125    30    8  1   1   0.232   3
125    97    1  1   1   0.772   3
125    97    5  1   1   0.776   3
125    97    8  1   1   0.768   3
125    29    1  1   1   0.228   3
125    29    5  1   1   0.232   3
125    29    8  1   1   0.224   3
125    98    1  1   1   0.78   3
125    98    5  1   1   0.784   3
125    98    8  1   1   0.776   3
125    28    1  1   1   0.22   3
125    28    5  1   1   0.224   3
125    28    8  1   1   0.216   3
125    99    1  1   1   0.788   3
125    99    5  1   1   0.792   3
125    99    8  1   1   0.784   3
125    27    1  1   1   0.212   3
125    27    5  1   1   0.216   3
125    27    8  1   1   0.208   3
125    100    1  1   1   0.796   3
125    100    5  1   1   0.8   3
125    100    8  1   1   0.792   3
125    26    1  1   1   0.204   3
125    26    5  1   1   0.208   3
125    26    8  1   1   0.2   3
125    101    1  1   1   0.804   3
125    101    5  1   1   0.808   3
125    101    8  1   1   0.8   3
125    25    1  1   1   0.196   3
125    25    5  1   1   0.2   3
125    25    8  1   1   0.192   3
125    102    1  1   1   0.812   3
125    102    5  1   1   0.816   3
125    102    8  1   1   0.808   3
125    24    1  1   1   0.188   3
125    24    5  1   1   0.192   3
125    24    8  1   1   0.184   3
125    103    1  1   1   0.82   3
125    103    5  1   1   0.824   3
125    103    8  1   1   0.816   3
125    23    1  1   1   0.18   3
125    23    5  1   1   0.184   3
125    23    8  1   1   0.176   3
125    104    1  1   1   0.828   3
125    104    5  1   1   0.832   3
125    104    8  1   1   0.824   3
125    22    1  1   1   0.172   3
125    22    5  1   1   0.176   3
125    22    8  1   1   0.168   3
125    105    1  1   1   0.836   3
125    105    5  1   1   0.84   3
125    105    8  1   1   0.832   3
125    21    1  1   1   0.164   3
125    21    5  1   1   0.168   3
125    21    8  1   1   0.16   3
125    106    1  1   1   0.844   3
125    106    5  1   1   0.848   3
125    106    8  1   1   0.84   3
125    20    1  1   1   0.156   3
125    20    5  1   1   0.16   3
125    20    8  1   1   0.152   3
125    107    1  1   1   0.852   3
125    107    5  1   1   0.856   3
125    107    8  1   1   0.848   3
125    19    1  1   1   0.148   3
125    19    5  1   1   0.152   3
125    19    8  1   1   0.144   3
125    108    1  1   1   0.86   3
125    108    5  1   1   0.864   3
125    108    8  1   1   0.856   3
125    18    1  1   1   0.14   3
125    18    5  1   1   0.144   3
125    18    8  1   1   0.136   3
125    109    1  1   1   0.868   3
125    109    5  1   1   0.872   3
125    109    8  1   1   0.864   3
125    17    1  1   1   0.132   3
125    17    5  1   1   0.136   3
125    17    8  1   1   0.128   3
125    110    1  1   1   0.876   3
125    110    5  1   1   0.88   3
125    110    8  1   1   0.872   3
125    16    1  1   1   0.124   3
125    16    5  1   1   0.128   3
125    16    8  1   1   0.12   3
125    111    1  1   1   0.884   3
125    111    5  1   1   0.888   3
125    111    8  1   1   0.88   3
125    15    1  1   1   0.116   3
125    15    5  1   1   0.12   3
125    15    8  1   1   0.112   3
125    112    1  1   1   0.892   3
125    112    5  1   1   0.896   3
125    112    8  1   1   0.888   3
125    14    1  1   1   0.108   3
125    14    5  1   1   0.112   3
125    14    8  1   1   0.104   3
125    113    1  1   1   0.9   3
125    113    5  1   1   0.904   3
125    113    8  1   1   0.896   3
125    13    1  1   1   0.1   3
125    13    5  1   1   0.104   3
125    13    8  1   1   0.096   3
125    114    1  1   1   0.908   3
125    114    5  1   1   0.912   3
125    114    8  1   1   0.904   3
125    12    1  1   1   0.092   3
125    12    5  1   1   0.096   3
125    12    8  1   1   0.088   3
125    115    1  1   1   0.916   3
125    115    5  1   1   0.92   3
125    115    8  1   1   0.912   3
125    11    1  1   1   0.084   3
125    11    5  1   1   0.088   3
125    11    8  1   1   0.08   3
125    116    1  1   1   0.924   3
125    116    5  1   1   0.928   3
125    116    8  1   1   0.92   3
125    10    1  1   1   0.076   3
125    10    5  1   1   0.08   3
125    10    8  1   1   0.072   3
125    117    1  1   1   0.932   3
125    117    5  1   1   0.936   3
125    117    8  1   1   0.928   3
125    9    1  1   1   0.068   3
125    9    5  1   1   0.072   3
125    9    8  1   1   0.064   3
125    118    1  1   1   0.94   3
125    118    5  1   1   0.944   3
125    118    8  1   1   0.936   3
125    8    1  1   1   0.06   3
125    8    5  1   1   0.064   3
125    8    8  1   1   0.056   3
125    119    1  1   1   0.948   3
125    119    5  1   1   0.952   3
125    119    8  1   1   0.944   3
125    7    1  1   1   0.052   3
125    7    5  1   1   0.056   3
125    7    8  1   1   0.048   3
125    120    1  1   1   0.956   3
125    120    5  1   1   0.96   3
125    120    8  1   1   0.952   3
125    6    1  1   1   0.044   3
125    6    5  1   1   0.048   3
125    6    8  1   1   0.04   3
125    121    1  1   1   0.964   3
125    121    5  1   1   0.968   3
125    121    8  1   1   0.96   3
125    5    1  1   1   0.036   3
125    5    5  1   1   0.04   3
125    5    8  1   1   0.032   3
125    122    1  1   1   0.972   3
125    122    5  1   1   0.976   3
125    122    8  1   1   0.968   3
125    4    1  1   1   0.028   3
125    4    5  1   1   0.032   3
125    4    8  1   1   0.024   3
125    123    1  1   1   0.98   3
125    123    5  1   1   0.984   3
125    123    8  1   1   0.976   3
125    3    1  1   1   0.02   3
125    3    5  1   1   0.024   3
125    3    8  1   1   0.016   3
125    124    1  1   1   0.988   3
125    124    5  1   1   0.992   3
125    124    8  1   1   0.984   3
125    2    1  1   1   0.012   3
125    2    5  1   1   0.016   3
125    2    8  1   1   0.008   3
1    63    3  1   0   0.5   1
1    63    6  1   0   0.504   1
1    63    7  1   0   0.496   1
1    64    3  1   0   0.508   1
1    64    6  1   0   0.512   1
1    64    7  1   0   0.504   1
1    62    3  1   0   0.492   1
1    62    6  1   0   0.496   1
1    62    7  1   0   0.488   1
1    65    3  1   0   0.516   1
1    65    6  1   0   0.52   1
1    65    7  1   0   0.512   1
1    61    3  1   0   0.484   1
1    61    6  1   0   0.488   1
1    61    7  1   0   0.48   1
1    66    3  1   0   0.524   1
1    66    6  1   0   0.528   1
1    66    7  1   0   0.52   1
1    60    3  1   0   0.476   1
1    60    6  1   0   0.48   1
1    60    7  1   0   0.472   1
1    67    3  1   0   0.532   1
1    67    6  1   0   0.536   1
1    67    7  1   0   0.528   1
1    59    3  1   0   0.468   1
1    59    6  1   0   0.472   1
1    59    7  1   0   0.464   1
1    68    3  1   0   0.54   1
1    68    6  1   0   0.544   1
1    68    7  1   0   0.536   1
1    58    3  1   0   0.46   1
1    58    6  1   0   0.464   1
1    58    7  1   0   0.456   1
1    69    3  1   0   0.548   1
1    69    6  1   0   0.552   1
1    69    7  1   0   0.544   1
1    57    3  1   0   0.452   1
1    57    6  1   0   0.456   1
1    57    7  1   0   0.448   1
1    70    3  1   0   0.556   1
1    70    6  1   0   0.56   1
1    70    7  1   0   0.552   1
1    56    3  1   0   0.444   1
1    56    6  1   0   0.448   1
1    56    7  1   0   0.44   1
1    71    3  1   0   0.564   1
1    71    6  1   0   0.568   1
1    71    7  1   0   0.56   1
1    55    3  1   0   0.436   1
1    55    6  1   0   0.44   1
1    55    7  1   0   0.432   1
1    72    3  1   0   0.572   1
1    72    6  1   0   0.576   1
1    72    7  1   0   0.568   1
1    54    3  1   0   0.428   1
1    54    6  1   0   0.432   1
1    54    7  1   0   0.424   1
1    73    3  1   0   0.58   1
1    73    6  1   0   0.584   1
1    73    7  1   0   0.576   1
1    53    3  1   0   0.42   1
1    53    6  1   0   0.424   1
1    53    7  1   0   0.416   1
1    74    3  1   0   0.588   1
1    74    6  1   0   0.592   1
1    74    7  1   0   0.584   1
1    52    3  1   0   0.412   1
1    52    6  1   0   0.416   1
1    52    7  1   0   0.408   1
1    75    3  1   0   0.596   1
1    75    6  1   0   0.6   1
1    75    7  1   0   0.592   1
1    51    3  1   0   0.404   1
1    51    6  1   0   0.408   1
1    51    7  1   0   0.4   1
1    76    3  1   0   0.604   1
1    76    6  1   0   0.608   1
1    76    7  1   0   0.6   1
1    50    3  1   0   0.396   1
1    50    6  1   0   0.4   1
1    50    7  1   0   0.392   1
1    77    3  1   0   0.612   1
1    77    6  1   0   0.616   1
1    77    7  1   0   0.608   1
1    49    3  1   0   0.388   1
1    49    6  1   0   0.392   1
1    49    7  1   0   0.384   1
1    78    3  1   0   0.62   1
1    78    6  1   0   0.624   1
1    78    7  1   0   0.616   1
1    48    3  1   0   0.38   1
1    48    6  1   0   0.384   1
1    48    7  1   0   0.376   1
1    79    3  1   0   0.628   1
1    79    6  1   0   0.632   1
1    79    7  1   0   0.624   1
1    47    3  1   0   0.372   1
1    47    6  1   0   0.376   1
1    47    7  1   0   0.368   1
1    80    3  1   0   0.636   1
1    80    6  1   0   0.64   1
1    80    7  1   0   0.632   1
1    46    3  1   0   0.364   1
1    46    6  1   0   0.368   1
1    46    7  1   0   0.36   1
1    81    3  1   0   0.644   1
1    81    6  1   0   0.648   1
1    81    7  1   0   0.64   1
1    45    3  1   0   0.356   1
1    45    6  1   0   0.36   1
1    45    7  1   0   0.352   1
1    82    3  1   0   0.652   1
1    82    6  1   0   0.656   1
1    82    7  1   0   0.648   1
1    44    3  1   0   0.348   1
1    44    6  1   0   0.352   1
1    44    7  1   0   0.344   1
1    83    3  1   0   0.66   1
1    83    6  1   0   0.664   1
1    83    7  1   0   0.656   1
1    43    3  1   0   0.34   1
1    43    6  1   0   0.344   1
1    43    7  1   0   0.336   1
1    84    3  1   0   0.668   1
1    84    6  1   0   0.672   1
1    84    7  1   0   0.664   1
1    42    3  1   0   0.332   1
1    42    6  1   0   0.336   1
1    42    7  1   0   0.328   1
1    85    3  1   0   0.676   1
1    85    6  1   0   0.68   1
1    85    7  1   0   0.672   1
1    41    3  1   0   0.324   1
1    41    6  1   0   0.328   1
1    41    7  1   0   0.32   1
1    86    3  1   0   0.684   1
1    86    6  1   0   0.688   1
1    86    7  1   0   0.68   1
1    40    3  1   0   0.316   1
1    40    6  1   0   0.32   1
1    40    7  1   0   0.312   1
1    87    3  1   0   0.692   1
1    87    6  1   0   0.696   1
1    87    7  1   0   0.688   1
1    39    3  1   0   0.308   1
1    39    6  1   0   0.312   1
1    39    7  1   0   0.304   1
1    88    3  1   0   0.7   1
1    88    6  1   0   0.704   1
1    88    7  1   0   0.696   1
1    38    3  1   0   0.3   1
1    38    6  1   0   0.304   1
1    38    7  1   0   0.296   1
1    89    3  1   0   0.708   1
1    89    6  1   0   0.712   1
1    89    7  1   0   0.704   1
1    37    3  1   0   0.292   1
1    37    6  1   0   0.296   1
1    37    7  1   0   0.288   1
1    90    3  1   0   0.716   1
1    90    6  1   0   0.72   1
1    90    7  1   0   0.712   1
1    36    3  1   0   0.284   1
1    36    6  1   0   0.288   1
1    36    7  1   0   0.28   1
1    91    3  1   0   0.724   1
1    91    6  1   0   0.728   1
1    91    7  1   0   0.72   1
1    35    3  1   0   0.276   1
1    35    6  1   0   0.28   1
1    35    7  1   0   0.272   1
1    92    3  1   0   0.732   1
1    92    6  1   0   0.736   1
1    92    7  1   0   0.728   1
1    34    3  1   0   0.268   1
1    34    6  1   0   0.272   1
1    34    7  1   0   0.264   1
1    93    3  1   0   0.74   1
1    93    6  1   0   0.744   1
1    93    7  1   0   0.736   1
1    33    3  1   0   0.26   1
1    33    6  1   0   0.264   1
1    33    7  1   0   0.256   1
1    94    3  1   0   0.748   1
1    94    6  1   0   0.752   1
1    94    7  1   0   0.744   1
1    32    3  1   0   0.252   1
1    32    6  1   0   0.256   1
1    32    7  1   0   0.248   1
1    95    3  1   0   0.756   1
1    95    6  1   0   0.76   1
1    95    7  1   0   0.752   1
1    31    3  1   0   0.244   1
1    31    6  1   0   0.248   1
1    31    7  1   0   0.24   1
1    96    3  1   0   0.764   1
1    96    6  1   0   0.768   1
1    96    7  1   0   0.76   1
1    30    3  1   0   0.236   1
1    30    6  1   0   0.24   1
1    30    7  1   0   0.232   1
1    97    3  1   0   0.772   1
1    97    6  1   0   0.776   1
1    97    7  1   0   0.768   1
1    29    3  1   0   0.228   1
1    29    6  1   0   0.232   1
1    29    7  1   0   0.224   1
1    98    3  1   0   0.78   1
1    98    6  1   0   0.784   1
1    98    7  1   0   0.776   1
1    28    3  1   0   0.22   1
1    28    6  1   0   0.224   1
1    28    7  1   0   0.216   1
1    99    3  1   0   0.788   1
1    99    6  1   0   0.792   1
1    99    7  1   0   0.784   1
1    27    3  1   0   0.212   1
1    27    6  1   0   0.216   1
1    27    7  1   0   0.208   1
1    100    3  1   0   0.796   1
1    100    6  1   0   0.8   1
1    100    7  1   0   0.792   1
1    26    3  1   0   0.204   1
1    26    6  1   0   0.208   1
1    26    7  1   0   0.2   1
1    101    3  1   0   0.804   1
1    101    6  1   0   0.808   1
1    101    7  1   0   0.8   1
1    25    3  1   0   0.196   1
1    25    6  1   0   0.2   1
1    25    7  1   0   0.192   1
1    102    3  1   0   0.812   1
1    102    6  1   0   0.816   1
1    102    7  1   0   0.808   1
1    24    3  1   0   0.188   1
1    24    6  1   0   0.192   1
1    24    7  1   0   0.184   1
1    103    3  1   0   0.82   1
1    103    6  1   0   0.824   1
1    103    7  1   0   0.816   1
1    23    3  1   0   0.18   1
1    23    6  1   0   0.184   1
1    23    7  1   0   0.176   1
1    104    3  1   0   0.828   1
1    104    6  1   0   0.832   1
1    104    7  1   0   0.824   1
1    22    3  1   0   0.172   1
1    22    6  1   0   0.176   1
1    22    7  1   0   0.168   1
1    105    3  1   0   0.836   1
1    105    6  1   0   0.84   1
1    105    7  1   0   0.832   1
1    21    3  1   0   0.164   1
1    21    6  1   0   0.168   1
1    21    7  1   0   0.16   1
1    106    3  1   0   0.844   1
1    106    6  1   0   0.848   1
1    106    7  1   0   0.84   1
1    20    3  1   0   0.156   1
1    20    6  1   0   0.16   1
1    20    7  1   0   0.152   1
1    107    3  1   0   0.852   1
1    107    6  1   0   0.856   1
1    107    7  1   0   0.848   1
1    19    3  1   0   0.148   1
1    19    6  1   0   0.152   1
1    19    7  1   0   0.144   1
1    108    3  1   0   0.86   1
1    108    6  1   0   0.864   1
1    108    7  1   0   0.856   1
1    18    3  1   0   0.14   1
1    18    6  1   0   0.144   1
1    18    7  1   0   0.136   1
1    109    3  1   0   0.868   1
1    109    6  1   0   0.872   1
1    109    7  1   0   0.864   1
1    17    3  1   0   0.132   1
1    17    6  1   0   0.136   1
1    17    7  1   0   0.128   1
1    110    3  1   0   0.876   1
1    110    6  1   0   0.88   1
1    110    7  1   0   0.872   1
1    16    3  1   0   0.124   1
1    16    6  1   0   0.128   1
1    16    7  1   0   0.12   1
1    111    3  1   0   0.884   1
1    111    6  1   0   0.888   1
1    111    7  1   0   0.88   1
1    15    3  1   0   0.116   1
1    15    6  1   0   0.12   1
1    15    7  1   0   0.112   1
1    112    3  1   0   0.892   1
1    112    6  1   0   0.896   1
1    112    7  1   0   0.888   1
1    14    3  1   0   0.108   1
1    14    6  1   0   0.112   1
1    14    7  1   0   0.104   1
1    113    3  1   0   0.9   1
1    113    6  1   0   0.904   1
1    113    7  1   0   0.896   1
1    13    3  1   0   0.1   1
1    13    6  1   0   0.104   1
1    13    7  1   0   0.096   1
1    114    3  1   0   0.908   1
1    114    6  1   0   0.912   1
1    114    7  1   0   0.904   1
1    12    3  1   0   0.092   1
1    12    6  1   0   0.096   1
1    12    7  1   0   0.088   1
1    115    3  1   0   0.916   1
1    115    6  1   0   0.92   1
1    115    7  1   0   0.912   1
1    11    3  1   0   0.084   1
1    11    6  1   0   0.088   1
1    11    7  1   0   0.08   1
1    116    3  1   0   0.924   1
1    116    6  1   0   0.928   1
1    116    7  1   0   0.92   1
1    10    3  1   0   0.076   1
1    10    6  1   0   0.08   1
1    10    7  1   0   0.072   1
1    117    3  1   0   0.932   1
1    117    6  1   0   0.936   1
1    117    7  1   0   0.928   1
1    9    3  1   0   0.068   1
1    9    6  1   0   0.072   1
1    9    7  1   0   0.064   1
1    118    3  1   0   0.94   1
1    118    6  1   0   0.944   1
1    118    7  1   0   0.936   1
1    8    3  1   0   0.06   1
1    8    6  1   0   0.064   1
1    8    7  1   0   0.056   1
1    119    3  1   0   0.948   1
1    119    6  1   0   0.952   1
1    119    7  1   0   0.944   1
1    7    3  1   0   0.052   1
1    7    6  1   0   0.056   1
1    7    7  1   0   0.048   1
1    120    3  1   0   0.956   1
1    120    6  1   0   0.96   1
1    120    7  1   0   0.952   1
1    6    3  1   0   0.044   1
1    6    6  1   0   0.048   1
1    6    7  1   0   0.04   1
1    121    3  1   0   0.964   1
1    121    6  1   0   0.968   1
1    121    7  1   0   0.96   1
1    5    3  1   0   0.036   1
1    5    6  1   0   0.04   1
1    5    7  1   0   0.032   1
1    122    3  1   0   0.972   1
1    122    6  1   0   0.976   1
1    122    7  1   0   0.968   1
1    4    3  1   0   0.028   1
1    4    6  1   0   0.032   1
1    4    7  1   0   0.024   1
1    123    3  1   0   0.98   1
1    123    6  1   0   0.984   1
1    123    7  1   0   0.976   1
1    3    3  1   0   0.02   1
1    3    6  1   0   0.024   1
1    3    7  1   0   0.016   1
1    124    3  1   0   0.988   1
1    124    6  1   0   0.992   1
1    124    7  1   0   0.984   1
1    2    3  1   0   0.012   1
1    2    6  1   0   0.016   1
1    2    7  1   0   0.008   1
125    125    2  2   0.996   1   2
125    125    1  1   1   0.996   3
125    125    5  1   1   1   3
125    125    6  2   0.992   1   2
125    125    8  1   1   0.992   3
1    125    2  2   0.004   1   2
1    125    3  1   0   0.996   1
1    125    5  2   0.008   1   2
1    125    6  2   0   1   2
1    125    7  1   0   0.992   1
1    1    4  1   0.004   0   4
1    1    3  1   0   0.004   1
1    1    6  1   0   0.008   1
1    1    7  1   0   0   4
1    1    8  1   0.008   0   4
125    1    4  1   0.996   0   4
125    1    1  1   1   0.004   3
125    1    5  1   1   0.008   3
125    1    7  1   0.992   0   4
125    1    8  1   1   0   4
